137.668711656
126.871165644
140.36809816
134.969325153
124.171779141
137.668711656
137.668711656
148.466257669
178.159509202
161.963190184
167.36196319
202.45398773
148.466257669
145.766871166
148.466257669
199.754601227
118.773006135
178.159509202
116.073619632
178.159509202
118.773006135
148.466257669
145.766871166
175.460122699
205.153374233
164.662576687
148.466257669
167.36196319
140.36809816
134.969325153
148.466257669
143.067484663
140.36809816
137.668711656
134.969325153
134.969325153
140.36809816
137.668711656
137.668711656
137.668711656
140.36809816
134.969325153
143.067484663
137.668711656
140.36809816
140.36809816
129.570552147
129.570552147
129.570552147
129.570552147
129.570552147
129.570552147
129.570552147
129.570552147
129.570552147
129.570552147
129.570552147
129.570552147
129.570552147
129.570552147
129.570552147
129.570552147
145.766871166
151.165644172
145.766871166
151.165644172
148.466257669
151.165644172
148.466257669
151.165644172
148.466257669
151.165644172
148.466257669
151.165644172
153.865030675
145.766871166
153.865030675
148.466257669
151.165644172
148.466257669
151.165644172
148.466257669
151.165644172
148.466257669
151.165644172
145.766871166
143.067484663
145.766871166
148.466257669
143.067484663
167.36196319
167.36196319
170.061349693
170.061349693
164.662576687
164.662576687
159.263803681
161.963190184
156.564417178
159.263803681
159.263803681
161.963190184
153.865030675
159.263803681
156.564417178
161.963190184
159.263803681
164.662576687
164.662576687
161.963190184
167.36196319
170.061349693
164.662576687
164.662576687
161.963190184
159.263803681
167.36196319
175.460122699
175.460122699
159.263803681
167.36196319
178.159509202
178.159509202
170.061349693
170.061349693
170.061349693
170.061349693
170.061349693
175.460122699
175.460122699
175.460122699
172.760736196
172.760736196
172.760736196
172.760736196
172.760736196
172.760736196
172.760736196
172.760736196
172.760736196
172.760736196
172.760736196
172.760736196
170.061349693
170.061349693
170.061349693
170.061349693
170.061349693
170.061349693
186.257668712
191.656441718
188.957055215
186.257668712
183.558282209
188.957055215
186.257668712
188.957055215
183.558282209
186.257668712
194.355828221
191.656441718
194.355828221
191.656441718
194.355828221
191.656441718
197.055214724
188.957055215
197.055214724
194.355828221
191.656441718
194.355828221
191.656441718
188.957055215
191.656441718
197.055214724
183.558282209
186.257668712
188.957055215
172.760736196
172.760736196
172.760736196
172.760736196
172.760736196
172.760736196
172.760736196
172.760736196
172.760736196
172.760736196
172.760736196
172.760736196
170.061349693
170.061349693
170.061349693
170.061349693
170.061349693
170.061349693
170.061349693
170.061349693
170.061349693
170.061349693
178.159509202
178.159509202
167.36196319
167.36196319
167.36196319
172.760736196
175.460122699
175.460122699
175.460122699
159.263803681
161.963190184
164.662576687
172.760736196
172.760736196
172.760736196
172.760736196
172.760736196
172.760736196
172.760736196
172.760736196
164.662576687
164.662576687
159.263803681
161.963190184
161.963190184
164.662576687
164.662576687
170.061349693
161.963190184
161.963190184
164.662576687
164.662576687
161.963190184
161.963190184
167.36196319
164.662576687
164.662576687
161.963190184
159.263803681
172.760736196
164.662576687
143.067484663
148.466257669
145.766871166
143.067484663
140.36809816
145.766871166
143.067484663
145.766871166
145.766871166
143.067484663
145.766871166
143.067484663
143.067484663
145.766871166
143.067484663
143.067484663
145.766871166
143.067484663
145.766871166
145.766871166
143.067484663
145.766871166
148.466257669
143.067484663
145.766871166
143.067484663
143.067484663
145.766871166
143.067484663
143.067484663
145.766871166
148.466257669
145.766871166
148.466257669
143.067484663
145.766871166
126.871165644
126.871165644
126.871165644
126.871165644
126.871165644
126.871165644
126.871165644
126.871165644
132.26993865
132.26993865
132.26993865
126.871165644
126.871165644
126.871165644
126.871165644
126.871165644
126.871165644
132.26993865
132.26993865
132.26993865
132.26993865
132.26993865
132.26993865
132.26993865
132.26993865
132.26993865
126.871165644
126.871165644
126.871165644
126.871165644
132.26993865
132.26993865
132.26993865
132.26993865
132.26993865
132.26993865
132.26993865
132.26993865
132.26993865
132.26993865
132.26993865
132.26993865
132.26993865
126.871165644
126.871165644
126.871165644
132.26993865
132.26993865
132.26993865
140.36809816
134.969325153
134.969325153
137.668711656
140.36809816
148.466257669
161.963190184
164.662576687
159.263803681
145.766871166
161.963190184
175.460122699
118.773006135
164.662576687
170.061349693
170.061349693
170.061349693
170.061349693
151.165644172
153.865030675
151.165644172
153.865030675
151.165644172
132.26993865
116.073619632
118.773006135
178.159509202
116.073619632
113.374233129
145.766871166
116.073619632
143.067484663
145.766871166
175.460122699
175.460122699
145.766871166
126.871165644
207.852760736
145.766871166
148.466257669
145.766871166
148.466257669
151.165644172
207.852760736
124.171779141
170.061349693
170.061349693
170.061349693
202.45398773
207.852760736
151.165644172
148.466257669
145.766871166
148.466257669
124.171779141
137.668711656
121.472392638
121.472392638
148.466257669
118.773006135
148.466257669
145.766871166
205.153374233
170.061349693
145.766871166
