153.865030675
124.171779141
153.865030675
202.45398773
153.865030675
164.662576687
202.45398773
161.963190184
205.153374233
153.865030675
207.852760736
161.963190184
145.766871166
164.662576687
175.460122699
161.963190184
161.963190184
113.374233129
164.662576687
153.865030675
161.963190184
116.073619632
116.073619632
121.472392638
124.171779141
116.073619632
118.773006135
118.773006135
121.472392638
121.472392638
113.374233129
124.171779141
124.171779141
124.171779141
124.171779141
126.871165644
126.871165644
126.871165644
126.871165644
126.871165644
126.871165644
126.871165644
126.871165644
124.171779141
124.171779141
124.171779141
124.171779141
121.472392638
121.472392638
121.472392638
124.171779141
124.171779141
124.171779141
121.472392638
121.472392638
126.871165644
118.773006135
143.067484663
151.165644172
145.766871166
143.067484663
140.36809816
145.766871166
143.067484663
143.067484663
140.36809816
137.668711656
143.067484663
140.36809816
140.36809816
143.067484663
143.067484663
140.36809816
143.067484663
143.067484663
145.766871166
148.466257669
143.067484663
145.766871166
137.668711656
143.067484663
145.766871166
140.36809816
143.067484663
137.668711656
140.36809816
140.36809816
161.963190184
161.963190184
164.662576687
159.263803681
161.963190184
161.963190184
164.662576687
159.263803681
161.963190184
161.963190184
159.263803681
156.564417178
156.564417178
159.263803681
156.564417178
161.963190184
153.865030675
156.564417178
153.865030675
161.963190184
156.564417178
159.263803681
156.564417178
161.963190184
159.263803681
156.564417178
161.963190184
159.263803681
167.36196319
170.061349693
170.061349693
170.061349693
170.061349693
170.061349693
170.061349693
170.061349693
167.36196319
167.36196319
161.963190184
164.662576687
164.662576687
167.36196319
161.963190184
161.963190184
164.662576687
164.662576687
161.963190184
167.36196319
167.36196319
164.662576687
164.662576687
170.061349693
170.061349693
170.061349693
175.460122699
164.662576687
191.656441718
188.957055215
186.257668712
191.656441718
188.957055215
191.656441718
188.957055215
186.257668712
191.656441718
188.957055215
191.656441718
188.957055215
188.957055215
186.257668712
188.957055215
186.257668712
186.257668712
188.957055215
186.257668712
186.257668712
188.957055215
191.656441718
188.957055215
191.656441718
186.257668712
188.957055215
161.963190184
156.564417178
159.263803681
161.963190184
161.963190184
159.263803681
159.263803681
161.963190184
156.564417178
159.263803681
161.963190184
161.963190184
159.263803681
156.564417178
156.564417178
159.263803681
159.263803681
161.963190184
164.662576687
159.263803681
161.963190184
161.963190184
159.263803681
164.662576687
161.963190184
161.963190184
159.263803681
164.662576687
164.662576687
161.963190184
153.865030675
148.466257669
153.865030675
156.564417178
153.865030675
156.564417178
159.263803681
153.865030675
156.564417178
153.865030675
156.564417178
156.564417178
159.263803681
156.564417178
153.865030675
153.865030675
156.564417178
153.865030675
156.564417178
153.865030675
159.263803681
156.564417178
153.865030675
159.263803681
153.865030675
137.668711656
134.969325153
143.067484663
140.36809816
137.668711656
137.668711656
143.067484663
140.36809816
140.36809816
137.668711656
143.067484663
140.36809816
140.36809816
137.668711656
137.668711656
140.36809816
140.36809816
137.668711656
137.668711656
140.36809816
140.36809816
137.668711656
137.668711656
140.36809816
140.36809816
143.067484663
137.668711656
137.668711656
140.36809816
143.067484663
107.975460123
210.552147239
107.975460123
110.674846626
107.975460123
110.674846626
118.773006135
121.472392638
116.073619632
113.374233129
118.773006135
116.073619632
121.472392638
124.171779141
124.171779141
124.171779141
126.871165644
121.472392638
121.472392638
129.570552147
129.570552147
124.171779141
124.171779141
124.171779141
129.570552147
121.472392638
121.472392638
121.472392638
124.171779141
124.171779141
124.171779141
121.472392638
121.472392638
121.472392638
124.171779141
124.171779141
124.171779141
121.472392638
121.472392638
121.472392638
124.171779141
124.171779141
124.171779141
121.472392638
121.472392638
121.472392638
118.773006135
124.171779141
124.171779141
124.171779141
121.472392638
134.969325153
134.969325153
126.871165644
126.871165644
140.36809816
126.871165644
126.871165644
126.871165644
205.153374233
143.067484663
207.852760736
207.852760736
205.153374233
137.668711656
137.668711656
148.466257669
140.36809816
202.45398773
180.858895706
137.668711656
202.45398773
153.865030675
113.374233129
153.865030675
116.073619632
210.552147239
126.871165644
116.073619632
207.852760736
178.159509202
178.159509202
148.466257669
145.766871166
207.852760736
175.460122699
145.766871166
143.067484663
207.852760736
145.766871166
143.067484663
205.153374233
140.36809816
143.067484663
145.766871166
148.466257669
159.263803681
167.36196319
156.564417178
159.263803681
151.165644172
164.662576687
159.263803681
159.263803681
161.963190184
175.460122699
164.662576687
170.061349693
161.963190184
153.865030675
151.165644172
153.865030675
151.165644172
153.865030675
151.165644172
140.36809816
151.165644172
143.067484663
151.165644172
140.36809816
151.165644172
137.668711656
199.754601227
207.852760736
143.067484663
161.963190184
